1003065
1003142
1049557
1082658
1118494
1118495
1158023
1171708
122233
1246681
1365474
145522
1543679
159749
163513
163514
163515
163516
183588
186019
186022
186035
186038
186039
186041
186042
186043
202472
210450
210452
210454
210587
210596
210597
210615
210617
210618
216758
216773
216776
216777
216785
216817
216818
216819
216820
216823
218684
230516
232508
240364
265535
265536
265537
265542
265543
265551
265554
265564
265571
265572
265576
265577
265578
265582
265583
265584
267565
267566
267567
267983
2836
2838
2839
2842
2843
2849
2850
2852
2856
2857
29202
29203
29205
296543
3004
3005
3006
33639
33640
33641
33648
33649
33836
33837
33838
33839
33840
33841
33842
33843
33844
33845
33846
33847
33848
33849
33850
33851
33852
33853
33854
33855
33856
35127
35128
37318
37319
374046
385413
38747
38748
38749
38755
41953
420259
420261
420262
420265
420266
420267
420268
420269
420270
420271
420275
420281
420782
425072
425074
426623
426625
426665
426672
44445
44447
476440
476441
49232
49233
49236
49237
49241
49242
49244
49247
49248
49249
49250
49251
49252
49265
515469
515479
515487
556484
5747
5748
589449
59795
59796
635002
635003
637379
67004
671091
697910
83370
83371
913972
913974
947934
