100272
1003176
104179
109239
1123714
1129376
1239064
133426
133427
143671
143672
156229
156230
1573500
157684
160604
160618
160619
160620
160621
1691972
174810
174948
210731
210732
210733
230996
252141
268820
268821
279888
285028
285029
285985
2864
2865
2866
2867
2910
2916
2918
2922
2923
2924
2925
2926
2932
293213
293275
2942
2943
2944
2945
2949
2953
2955
2960
2961
2964
2965
2966
2968
2969
2970
2971
2972
311494
311979
327968
33834
373097
377605
39447
39448
39449
39451
39452
39455
400754
400756
407301
40984
43686
439317
447022
447211
462645
47932
47933
47934
54902
60594
631057
632149
632150
633875
66468
665866
66801
66802
66803
66804
71861
73914
73915
765179
766107
88547
88548
88551
88552
89954
89955
89956
89957
89963
993574
