470
562
630
548
549
622
552
573
615
590
64971
216597
99287
321314
64970
129578
595537
1236
118884
62672
33811
135622
1706369
135613
135619
72273
135623
376625
439484
224372
72275
1706371
1046
1706372
267891
135620
135616
1706374
267888
267894
255527
267890
1706375
641
1706379
1706432
1706431
744998
745004
59753
89404
28253
40222
58050
459520
1227
657
53246
67572
230494
316625
22
662
717610
59754
300231
314277
392484
58051
207954
1229
939745
661
74109
228
357794
314282
374838
1208365
86304
62322
43661
192073
56812
680
314287
391615
566466
939658
1007114
1007115
1007116
1007117
1007118
1007119
1007120
1009425
939675
939696
1009710
1009711
247639
247633
247634
393595
1085623
637616
323261
314292
298386
326442
357804
314283
203122
325240
402882
399599
314608
318161
318167
338187
1051649
91883
1122599
1125411
45248
417574
246861
188144
28173
751994
83333
290398
1238198
129578
998674
471
