38822
1004267
1004268
1034831
109269
1104430
1112570
114041
1181712
1181717
124429
124430
1299920
131221
1437183
1437201
1462469
1486917
155619
157124
164328
1649285
172670
172671
172717
215587
216706
216718
227332
236786
236787
238884
2825
2828
2829
2833
284809
2880
2974
2975
2976
2985
2988
2997
3193
33651
33652
33653
33674
33859
3398
35131
35493
35673
35675
35676
35677
35678
35679
35680
35683
35684
35685
35686
35687
36768
36769
36770
372997
37642
38410
39119
39175
39354
403677
4136
4143
420535
420556
420617
420622
44055
44056
44057
44058
44439
44440
452333
45651
4762
4772
4773
4774
4776
4783
4784
4785
4787
483368
483369
483370
483371
48595
5204
5302
536046
536047
5375
54406
54409
557229
58023
58024
590977
590978
622258
627963
658124
658125
67593
68889
702273
704141
71240
71274
763924
78536
87102
87110
87111
87120
876976
88165
89043
89044
91827
91888
91989
91990
91992
94616
94617
96638
96639
96789
96792
98059
98651
98652
