1034604
1035538
1035539
1074897
1075084
110669
114040
1155430
1242998
13607
13792
1461541
1461542
1461543
1461544
1461545
1461546
1461547
1524962
1525212
1525213
1525216
1525217
1541723
1541724
156128
156131
156132
156133
195966
195967
195968
195969
225041
242159
248742
249344
249345
29646
296587
3041
3042
3043
3044
3047
3049
3051
3052
3055
3065
3066
3067
3068
3071
31311
3152
3164
3165
3166
327068
33090
35426
35429
35460
35461
35472
36882
36894
36898
3702
385169
38832
38833
38834
38835
41873
41874
41875
41878
41879
41880
41891
42111
436017
44458
464262
464278
485343
51329
548131
554065
564608
574566
582737
63592
676789
70447
70448
75966
75981
81844
88270
88271
