34078
244592
1231190
1125411
939195
939196
393595
331869
684719
859653
744985
939296
939301
1007109
1007110
1007111
1007112
1007113
939306
939316
939324
939346
939374
939383
939390
939391
1009707
1009708
1009709
439493
314261
335992
198252
488538
216432
398580
313590
314225
391598
156586
487796
487797
913852
438746
376686
926447
1009412
1009713
1009712
314231
391615
566466
939658
1007114
1007115
1007116
1007117
1007118
1007119
1007120
1009425
939675
939696
1009710
1009711
1085623
411154
228405
313589
290400
391587
398720
313628
314232
313603
312284
247639
247633
247634
314287
314277
314271
637616
383631
313606
58051
207954
323261
391624
252305
314256
939745
391626
391616
391596
314265
383629
314292
298386
344747
313594
313598
296591
146891
93058
93060
167546
59922
74546
74547
167542
167555
59920
167539
59919
751992
326442
357804
314282
314283
314270
388401
367336
439496
243090
313596
375451
391593
391589
314262
388739
89187
314264
246200
292414
203122
388399
909943
1007124
1007121
1007122
1007123
939857
1208365
325240
402882
399599
314608
318161
318167
314266
317655
52598
314267
269084
1140
64471
110662
316279
316278
32051
84588
633131
50743
1009413
1009695
1009414
1009415
1009416
1009417
1009418
1009419
1009420
1009421
1009422
1009423
417295
939909
939920
939921
338187
2
1783270
1783257
1783272
68336
1798711
201174
976
62680
1117
256845
203682
1224
74201
50742
326457
417295
1760
28211
28216
768503
117743
1236
1313211
203683
117747
52018
82117
117744
118884
62654
62672
78537
33807
33811
909942
135622
80840
1706369
135613
768507
200644
278081
206350
85006
135619
54526
112
356
204455
200666
204457
1890424
72273
135623
313602
383630
376625
285892
1233498
403978
439484
224372
72275
255475
1706371
1046
80864
89373
335929
49546
1706372
69657
85021
566277
267891
135620
1655514
135616
126
1706374
1213
267888
267894
31989
255527
267890
84566
41297
1706375
1890426
641
61432
1706379
1655516
1706432
58840
1706431
744998
745004
59753
198251
767891
216431
309512
326319
1041
237
217510
1649453
89404
292691
85
53457
188905
221065
283735
256846
245186
252356
28253
404235
40222
1023
58050
459520
1227
225421
252301
53945
84567
360528
302485
657
52959
52972
1218
53246
1679449
67572
230494
265488
252306
2433
74030
97050
316625
58842
22
13687
165697
60136
1129
633130
662
717610
59754
439493
198252
767892
313588
215813
313590
39960
391598
156586
487796
487797
913852
438746
986
926447
1009412
1009713
1009712
217511
122
300231
411153
81032
313589
290400
221066
360293
256847
245188
313603
1007124
1007121
1007122
1007123
939857
314277
404236
392484
383631
1027
58051
207954
1229
225422
252302
939745
1217908
53946
391596
344736
221822
661
74109
531
313598
296591
1219
751992
228
314255
357794
314282
374838
314270
388401
367336
439496
265606
252307
2434
391593
391589
314262
388739
314263
314264
89184
292414
909943
1208365
86304
52603
62322
43661
192073
56812
314266
117207
52598
314267
32046
64471
110662
316279
316278
32051
84588
633131
1009413
1009695
1009414
1009415
1009416
1009417
1009418
1009419
1009420
1009421
1009422
1009423
939909
939920
939921
680
939195
939196
331869
684719
859653
744985
939296
939301
1007109
1007110
1007111
1007112
1007113
939306
939316
939324
939346
939374
939383
939390
939391
1009707
1009708
1009709
314287
391615
566466
939658
1007114
1007115
1007116
1007117
1007118
1007119
1007120
1009425
939675
939696
1009710
1009711
312284
247639
247633
247634
50743
393595
314261
335992
488538
216432
398580
314225
376686
314231
344747
1085623
411154
228405
391587
398720
313628
314232
314271
637616
313606
323261
391624
314256
391626
391616
314265
383629
314292
298386
313594
146891
93058
93060
167546
59922
74546
74547
167542
167555
59920
326442
252305
357804
314283
243090
313596
375451
89187
246200
203122
388399
325240
402882
399599
314608
318161
318167
317655
269084
1140
338187
142554
142479
167539
59919
313606