100127
1032511
106394
1082188
1169538
1169539
1169540
1229733
1280412
1333875
1333877
141411
141412
141413
141414
1482939
1502944
151035
152459
158377
181622
182086
182087
187298
187299
192219
194286
194287
194288
197538
197905
197906
197907
197908
198613
200604
200605
211023
211026
211030
219171
219172
219173
223996
27997
27998
27999
28000
283645
283646
283647
283648
283649
2912
291294
311384
311385
312017
31276
31277
321610
330153
333946
33630
33829
33831
340203
340204
342562
342563
346246
348535
35086
35087
35094
35105
35106
35107
36767
37093
40632
40633
431837
431838
46461
46462
485356
485358
486728
49977
49979
49980
505692
505693
5794
5878
5890
5911
5934
5935
5936
5957
5959
5961
5977
5988
6000
60004
60005
6001
6002
6020
626734
665100
66791
693139
693140
767765
877183
88560
88562
938130
