436017
1034604
1035538
1035539
1074897
1075084
110669
114040
1155430
1242998
13607
330879
13792
1461541
1461542
1461543
1461544
1461545
1461546
1461547
1524962
1525212
1525213
1525216
1525217
1541723
1541724
156128
156131
156132
156133
195966
195967
195968
195969
225041
242159
248742
249344
249345
29646
296587
3041
3042
3043
3044
3047
3049
3051
3052
3055
3065
3066
3067
3068
3071
31311
3152
3164
3165
3166
327068
33090
35426
35429
35460
35461
35472
36882
36894
36898
3702
385169
38822
38832
38833
38834
38835
41873
41874
41875
41878
41879
41880
41891
42111
436017
44458
464262
464278
485343
51329
548131
554065
564608
574566
582737
63592
676789
70447
70448
75966
75981
77921
81844
88270
88271
101923
101924
1077150
1094566
240428
265316
265318
2763
2788
2791
2792
2797
2798
2799
2800
2801
280699
282338
29216
31345
31351
31352
31353
31354
362234
38298
446133
446134
45156
45157
661027
661028
661029
708627
708628
753683
753684
930023
930024
983317
1216353
126664
136419
1561962
1561963
168855
1871466
203397
227085
227086
262233
29178
29179
29185
29186
29187
29189
29197
29198
29199
295070
31291
31294
313275
37353
38078
46128
467050
543769
552665
552666
629695
641309
647365
67808
69034
69038
74819
753081
87143
91324
91329
933848
10090
147537
28009
28010
284592
33154
451864
4751
4890
4891
4892
4958
4959
58641
716545
766764
81532
81824
400682
109871
283909
4959
72036
45351
37653
34765
9733
8030
946362
559292
100127
1032511
106394
1082188
1169538
1169539
1169540
1229733
1280412
1333875
1333877
141411
141412
141413
141414
1482939
1502944
151035
152459
158377
181622
182086
182087
187298
187299
192219
194286
194287
194288
197538
197905
197906
197907
197908
198613
200604
200605
211023
211026
211030
219171
219172
219173
223996
27997
27998
27999
28000
283645
283646
283647
283648
283649
2912
291294
311384
311385
312017
31276
31277
321610
330153
333946
33630
33829
33831
340203
340204
342562
342563
346246
348535
35086
35087
35094
35105
35106
35107
36767
37093
40632
40633
431837
431838
46461
46462
485356
485358
486728
49977
49979
49980
505692
505693
5794
5878
5890
5911
5934
5935
5936
5957
5959
5961
5977
5988
6000
60004
60005
6001
6002
6020
626734
665100
66791
693139
693140
767765
877183
88560
88562
938130
1004267
1004268
1034831
109269
1104430
1112570
114041
1181712
1181717
124429
124430
1299920
131221
1437183
1437201
1462469
1486917
155619
157124
164328
1649285
172670
172671
172717
215587
216706
216718
227332
236786
236787
238884
2825
2828
2829
2833
284809
2880
2974
2975
2976
2985
2988
2997
3193
33651
33652
33653
33674
33859
3398
35131
35493
35673
35675
35676
35677
35678
35679
35680
35683
35684
35685
35686
35687
36768
36769
36770
372997
37642
38410
39119
39175
39354
403677
4136
4143
420535
420556
420617
420622
44055
44056
44057
44058
44439
44440
452333
45651
4762
4772
4773
4774
4776
4783
4784
4785
4787
483368
483369
483370
483371
48595
5204
5302
536046
536047
5375
54406
54409
557229
58023
58024
590977
590978
622258
627963
658124
658125
67593
68889
702273
704141
71240
71274
763924
78536
87102
87110
87111
87120
876976
88165
89043
89044
91827
91888
91989
91990
91992
94616
94617
96638
96639
96789
96792
98059
98651
98652
1090112
1136790
118079
119496
119497
127548
127549
13220
13221
1538618
156173
156174
221442
259384
259385
280463
2830
2831
2832
2902
2903
298111
33656
33657
35140
35143
37098
37099
38816
38817
40639
412157
418917
418918
418919
418920
418931
418933
418939
418940
418951
418966
418967
418969
44452
483366
483367
72548
73020
73026
73027
73028
97485
97491
97494
97495
146028
938254
38262
38266
38268
38269
3035
33682
73024
73025
86652
100272
1003176
104179
109239
1123714
1129376
1239064
133426
133427
143671
143672
156229
156230
1573500
157684
160604
160618
160619
160620
160621
1691972
174810
174948
210731
210732
210733
230996
252141
268820
268821
279888
285028
285029
285985
2864
2865
2866
2867
2910
2916
2918
2922
2923
2924
2925
2926
2932
293213
293275
2942
2943
2944
2945
2949
2953
2955
2960
2961
2964
2965
2966
2968
2969
2970
2971
2972
311494
311979
327968
33834
373097
377605
39447
39448
39449
39451
39452
39455
400754
400756
407301
40984
43686
439317
447022
447211
462645
47932
47933
47934
54902
60594
631057
632149
632150
633875
66468
665866
66801
66802
66803
66804
71861
73914
73915
765179
766107
88547
88548
88551
88552
89954
89955
89956
89957
89963
993574
179400
195065
195067
233186
2896
2898
301223
302021
3027
3028
3030
3032
31323
31324
354590
37096
464988
464990
46946
46947
46948
52970
55528
55529
589342
589343
589344
589345
589350
589351
697907
77924
77926
77927
77928
905079
96335
1003065
1003142
1049557
1082658
1118494
1118495
1158023
1171708
122233
1246681
1365474
145522
1543679
159749
163513
163514
163515
163516
183588
186019
186022
186035
186038
186039
186041
186042
186043
202472
210450
210452
210454
210587
210596
210597
210615
210617
210618
216758
216773
216776
216777
216785
216817
216818
216819
216820
216823
218684
230516
232508
240364
265535
265536
265537
265542
265543
265551
265554
265564
265571
265572
265576
265577
265578
265582
265583
265584
267565
267566
267567
267983
2836
2838
2839
2842
2843
2849
2850
2852
2856
2857
29202
29203
29205
296543
3004
3005
3006
33639
33640
33641
33648
33649
33836
33837
33838
33839
33840
33841
33842
33843
33844
33845
33846
33847
33848
33849
33850
33851
33852
33853
33854
33855
33856
35127
35128
37318
37319
374046
385413
38747
38748
38749
38755
41953
420259
420261
420262
420265
420266
420267
420268
420269
420270
420271
420275
420281
420782
425072
425074
426623
426625
426665
426672
44445
44447
476440
476441
49232
49233
49236
49237
49241
49242
49244
49247
49248
49249
49250
49251
49252
49265
515469
515479
515487
556484
5747
5748
589449
59795
59796
635002
635003
637379
67004
671091
697910
83370
83371
913972
913974
947934
1042828
1078864
1165354
136448
136451
136452
1485085
1485168
1485169
1486928
180225
180227
180229
200887
200890
218659
242540
242541
318493
318516
498007
498008
498011
498012
554915
555280
555369
555392
95227
95228
63605
5762
652834
10116
312471
227321
286428
